% 19 Machine - Middle Order Case
% 

% bus data format
% bus: 
% col1 number
% col2 voltage magnitude(pu)
% col3 voltage angle(degree)
% col4 p_gen(pu)
% col5 q_gen(pu),
% col6 p_load(pu)
% col7 q_load(pu)
% col8 G shunt(pu)
% col9 B shunt(pu)
% col10 bus_type
%     bus_type - 1, swing bus
%         - 2, generator bus (PV bus)
%         - 3, load bus (PQ bus)
% col11 q_gen_max(pu)
% col12 q_gen_min(pu)
% col13 v_rated (kV)
% col14 v_max  pu
% col15 v_min  pu

bus = [...
   1 1.0490    0.0000  28.3794  23.2983   0.0000   0.0000   0.00   0.00  1  25.00 -10.00    20.00  1.1  0.9;
   2 1.0490   28.1220 121.0406  62.9955   0.0000   0.0000   0.00   0.00  2  73.20 -35.00    20.00  1.1  0.9;
   3 1.0490  -57.8509 110.1829  70.1339   0.0000   0.0000   0.00   0.00  2  72.00   0.00    20.00  1.1  0.9;
   4 1.0490  -98.8765  74.7150  55.1440   0.0000   0.0000   0.00   0.00  2  93.75 -10.00    20.00  1.1  0.9;
   5 1.0490  -63.8096  68.3083  75.4348   0.0000   0.0000   0.00   0.00  2  78.00   0.00    20.00  1.1  0.9;
   6 1.0490    8.9660 127.0900  52.5457   0.0000   0.0000   0.00   0.00  2 101.80 -10.00    20.00  1.1  0.9;
   7 1.0490   16.2350  19.6897   9.1951   0.0000   0.0000   0.00   0.00  2  25.00 -10.00    20.00  1.1  0.9;
   8 1.0490  -15.9550  22.6313  10.5317   0.0000   0.0000   0.00   0.00  2  25.00 -10.00    20.00  1.1  0.9;
   9 1.0300   22.6917  12.2000  -0.5245   0.0000   0.0000   0.00   0.00  2   7.00  -5.00    20.00  1.1  0.9;
  10 1.0400   -7.8713  16.8000   0.9749   0.0000   0.0000   0.00   0.00  2  16.00   0.00    20.00  1.1  0.9;
  11 1.0490  -56.2245  27.0400  12.2507   0.0000   0.0000   0.00   0.00  2  34.00 -10.00    20.00  1.1  0.9;
  12 1.0490  -58.4070   5.6000   4.0002   0.0000   0.0000   0.00   0.00  2  16.00 -10.00    20.00  1.1  0.9;
  13 1.0490   25.3923   6.0300   4.4545   0.0000   0.0000   0.00   0.00  2  10.00 -10.00    20.00  1.1  0.9;
  14 1.0490  -55.9158  12.7300   4.9559   0.0000   0.0000   0.00   0.00  2   6.00 -10.00    20.00  1.1  0.9;
  15 1.0490    5.7456   6.6800   5.0596   0.0000   0.0000   0.00   0.00  2   8.00 -10.00    20.00  1.1  0.9;
  16 1.0490    7.4830   9.4000   4.7339   0.0000   0.0000   0.00   0.00  2  16.00 -10.00    20.00  1.1  0.9;
  17 1.0490   -2.3803  11.4100  37.4331   0.0000   0.0000   0.00   0.00  2  40.00   0.00    20.00  1.1  0.9;
  18 1.0490  -86.8303  25.4000   7.0974   0.0000   0.0000   0.00   0.00  2   7.50 -10.00    20.00  1.1  0.9;
  19 1.0490  -87.8436  21.7700   6.1294   0.0000   0.0000   0.00   0.00  2   7.25 -10.00    20.00  1.1  0.9;
  20 1.0049  -62.0468   0.0000   0.0000 105.0300  60.0000   0.00   0.00  3   0.00   0.00   500.00  1.1  0.9;
  21 0.9957   21.4671   0.0000   0.0000 107.0400  48.0000   0.00   0.00  3   0.00   0.00   500.00  1.1  0.9;
  22 0.9928  -66.8173   0.0000   0.0000  97.1000  40.0000   0.00  10.00  3   0.00   0.00   500.00  1.1  0.9;
  23 1.0430   15.5132   0.0000   0.0000  11.6800   4.0000   0.00   0.00  3   0.00   0.00   500.00  1.1  0.9;
  24 1.0421  -16.7853   0.0000   0.0000  41.5300  15.0000   0.00  10.00  3   0.00   0.00   230.00  1.1  0.9;
  25 1.0098    2.7673   0.0000   0.0000  80.8300  45.0000   0.00   0.00  3   0.00   0.00   500.00  1.1  0.9;
  26 1.0060   -3.0830   0.0000   0.0000  80.8300  35.0000   0.00  15.00  3   0.00   0.00   500.00  1.1  0.9;
  27 1.0050 -105.2786   0.0000   0.0000  97.0600  40.0000   0.00  59.00  3   0.00   0.00   500.00  1.1  0.9;
  28 1.0086 -102.1152   0.0000   0.0000  87.0600  32.0000   0.00   0.00  3   0.00   0.00   500.00  1.1  0.9;
  29 1.0243  -59.0441   0.0000   0.0000   0.0000   0.0000   0.00   0.00  3   0.00   0.00    20.00  1.1  0.9;
  30 1.0226  -60.4863   0.0000   0.0000   0.0000   0.0000   0.00   0.00  3   0.00   0.00    20.00  1.1  0.9;
  31 1.0153   23.1674   0.0000   0.0000   0.0000   0.0000   0.00   0.00  3   0.00   0.00    20.00  1.1  0.9;
  32 1.0243  -59.6333   0.0000   0.0000   0.0000   0.0000   0.00   0.00  3   0.00   0.00    20.00  1.1  0.9;
  33 1.0235    3.8774   0.0000   0.0000   0.0000   0.0000   0.00   0.00  3   0.00   0.00    20.00  1.1  0.9;
  34 1.0215    4.3326   0.0000   0.0000   0.0000   0.0000   0.00   0.00  3   0.00   0.00    20.00  1.1  0.9;
  35 1.0310   -2.6429   0.0000   0.0000   0.0000   0.0000   0.00   0.00  3   0.00   0.00    20.00  1.1  0.9;
  36 1.0171  -95.0157   0.0000   0.0000   0.0000   0.0000   0.00   0.00  3   0.00   0.00    20.00  1.1  0.9;
  37 1.0275  -92.4547   0.0000   0.0000   0.0000   0.0000   0.00   0.00  3   0.00   0.00    20.00  1.1  0.9;
  38 1.0347   18.7511   0.0000   0.0000   0.0000   0.0000   0.00   0.00  3   0.00   0.00    20.00  1.1  0.9;
  39 1.0378  -13.2266   0.0000   0.0000   0.0000   0.0000   0.00   0.00  3   0.00   0.00    20.00  1.1  0.9;
  40 0.9654  -55.4078   0.0000   0.0000   0.0000   0.0000   0.00   0.00  3   0.00   0.00   230.00  1.1  0.9;
  41 1.0312   10.2218   0.0000   0.0000   0.0000   0.0000   0.00   0.00  3   0.00   0.00   230.00  1.1  0.9;
  42 1.0146   -1.0369   0.0000   0.0000   0.0000   0.0000   0.00   0.00  3   0.00   0.00   230.00  1.1  0.9];


% line data format
% line: from bus, to bus, resistance(pu), reactance(pu),
%     line charging(pu), tap ratio, tap phase, tapmax, tapmin, tapsize

