% Two area system from page 813 of Kundur.
% Similar to data2a.m in the PST.
% Detailed modeling 1:
%	100 MVA base
%

% D. Trudnowski, 7/97

% The following bus solution is within one iteration of the actual
%      1   2       3       4      5      6      7       8       9       10   11    12    13     14    15
%      bus volt    angle   p_gen  q_gen  p_load q_load  G_shunt B_shunt type q_max q_min v_rate v_max v_min
bus = [ 1  1.0300  26.8490 7.0000 1.7919 0         0    0.00    0.00    2    5.0   -2.0  20.0   1.1   .9;
	2  1.0100  17.0998 7.0000 2.2026 0.00   0.00    0.00    0.00    2    5.0   -2.0  20.0   1.1   .9;
	3  1.0300   0      7.1850 1.6898 0.00   0.00    0.00    0.00    1    5.0   -2.0  20.0   1.1   .9;
        4  1.0100 -10.1588 7.0000 1.8521 0.00   0.00    0.00    0.00    2    5.0   -2.0  20.0   1.1   .9;
        5  1.0074  20.3799 0.00   0.00   0.00   0.00    0.00    0.00    3    0.00   0.0  230    1.5   .5;
        6  0.9804  10.3201 0.00   0.00   0.00   0.00    0.00    0.00    3    0.00   0.0  230    1.5   .5;
        7  0.9652   1.9560 0.00   2.00   9.67   1.00    0.00    0.00    3    4.00   0.0  230    1.5   .5;
        8  0.9536 -11.7915 0.00   0.00   0.00   0.00    0.00    0.00    3    0.00   0.0  230    1.5   .5;
        9  0.9763 -25.2580 0.00   3.50  17.67   1.00    0.00    0.00    3    4.00   0.0  230    1.5   .5;
       10  0.9862 -16.8988 0.00   0.00   0.00   0.00    0.00    0.00    3    0.00   0.00 230    1.5   .5;
       11  1.0093  -6.6276 0.00   0.00   0.00   0.00    0.00    0.00    3    0.00   0.0  230    1.5   .5];
        

% line data format
% line: from bus, to bus, resistance(pu), reactance(pu),
%       line charging(pu), tap ratio, tap phase, tapmax, tapmin, tapsize

line = [...
1   5   0.0     0.0167   0.00    0 0 0 0 0;
5   6   0.0025  0.025    0.04375 0 0 0 0 0;
2   6   0.0     0.0167   0.00    0 0 0 0 0;  
6   7   0.001   0.01     0.0175  0 0 0 0 0;
7   8   0.011   0.110    0.1925  0 0 0 0 0;
7   8   0.011   0.110    0.1925  0 0 0 0 0;
8   9   0.011   0.110    0.1925  0 0 0 0 0;
8   9   0.011   0.110    0.1925  0 0 0 0 0;
9  10   0.001   0.01     0.0175  0 0 0 0 0;
4  10   0.0     0.0167   0.00    0 0 0 0 0;
10 11   0.0025  0.025    0.04375 0 0 0 0 0;
3  11   0.0     0.0167   0.00    0 0 0 0 0];

% Command to run loadflow:
%  [bus_sol,line_sol,line_flow]=loadflow(bus,line,1e-6,25,1,'y',1);


%Machine data
mac_con = [ ...

1 1 900 0.200  0.0025  1.8  0.30  0.25 8.00  0.03...
                       1.7  0.55  0.25 0.4   0.05...
  6.5  0  0  1 0.0377 0.1821;
2 2 900 0.200  0.0025  1.8  0.30  0.25 8.00  0.03...
                       1.7  0.55  0.25 0.4   0.05...
  6.5  0  0  2 0.0377 0.1821;
3 3 900 0.200  0.0025  1.8  0.30  0.25 8.00  0.03...
                       1.7  0.55  0.25 0.4   0.05...
  6.175  0  0  3 0.0377 0.1821;
4 4 900 0.200  0.0025  1.8  0.30  0.25 8.00  0.03...
                       1.7  0.55  0.25 0.4   0.05...
  6.175  0  0  4 0.0377 0.1821];

% Load data
load_con = [...
 7  0.0  0.0  1.0  0.0;
 9  0.0  0.0  1.0  0.0];
