% npcc 48 machine system data
%      Joe Chow, 4/92
% loadflow data
% bus data format
% bus: 
% col1 number
% col2 voltage magnitude(pu)
% col3 voltage angle(degree)
% col4 p_gen(pu)
% col5 q_gen(pu),
% col6 p_load(pu)
% col7 q_load(pu)
% col8 G shunt(pu)
% col9 B shunt(pu)
% col10 bus_type
%       bus_type - 1, swing bus
%               - 2, generator bus (PV bus)
%               - 3, load bus (PQ bus)
% col11 q_gen_max(pu)
% col12 q_gen_min(pu)
bus = [ ...
      1 1.0113  2.63    0.     0.     0.     0.  0. 0.     3  0  0;
   2 1.0070  1.86    0.     0.     0.     0.  0. 0.     3  0  0;
   3 1.0473  1.79    0.     0.     9.0   88.0 0. 0.     3  0  0;
   4 1.0079  1.86    0.     0.     0.     0.  0. 0.     3  0  0;
   5 1.0040  0.04    0.     0.     0.     0.  0. 0.     3  0  0;
   6 1.0073 -0.59    0.     0.   320.0  153.0 0. 0.     3  0  0;
   7 1.0235  0.76    0.     0.   329.0   32.0 0. 0.     3  0  0;
   8 1.0229 -0.54    0.     0.     0.     0.  0. 0.     3  0  0;
   9 1.0186 -1.48    0.     0.   158.0   30.0 0. 0.     3  0  0;
   10 1.0421  5.40    0.     0.     0.     0.  0. 0.     3  0  0;
   11 0.9842  3.92    0.     0.   680.0  103.0 0. 0.     3  0  0;
   12 1.0252  3.43    0.     0.   274.0  115.0 0. 0.     3  0  0;
   13 1.0458  8.15    0.     0.     0.     0.  0. 0.     3  0  0;
   14 1.0400  7.86    0.     0.   248.0   85.0 0. 0.     3  0  0;
   15 1.0294  0.93    0.     0.   309.0  -92.0 0. 0.     3  0  0;
   16 1.0400  1.74    0.     0.   224.0   47.0 0. 0.     3  0  0;
   17 1.0402  0.64    0.     0.   139.0   17.0 0. 0.     3  0  0;
   18 1.0264 -1.09    0.     0.   281.0   76.0 0. 0.     3  0  0;
   19 1.0411  3.83    0.     0.   206.0   28.0 0. 0.     3  0  0;
   20 1.0418  6.51    0.     0.   284.0   27.0 0. 0.     3  0  0;
   21 0.9800 10.70  650.0  216.5    0.     0.  0. 0.     2  999  -999;
   22 0.9900 10.69  632.0  109.8    0.     0.  0. 0.     2  999  -999;
   23 1.0066  9.12  503.0  172.0    0.     0.  0. 0.     2  999  -999;
   24 1.0500 13.51  700.0  250.6    0.     0.  0. 0.     2  999  -999;
   25 1.0600 15.78  560.0  106.1    0.     0.  0. 0.     2  999  -999;
   26 1.0200 13.41  800.0   30.9    0.     0.  0. 0.     2  999  -999;
   27 1.0200  8.68  540.0   42.2    0.     0.  0. 0.     2  999  -999;
   28 1.0513  0.48    0.     0.     0.     0.  0. 0.     3  0 0;
   29 1.0257  0.48    0.     0.     0.     0.  0. 0.     3  0 0;
   30 1.0152 -1.84    0.     0.   322.0    2.0 0. 0.     3  0  0;
   31 0.9951 -1.93    0.     0.   500.0  184.0 0. 0.     3  0  0;
   32 0.9996 -0.33    0.     0.     0.     0.  0. 0.     3  0  0;
   33 1.0023  0.38    0.     0.     0.     0.  0. 0.     3  0  0;
   34 0.9922 -1.61    0.     0.   234.0   84.0 0. 0.     3  0  0;
   35 0.9916 -2.01    0.     0.   522.0  177.0 0. 0.     3  0  0;
   36 0.9800  8.92  554.0  215.3    9.0    5.0 0. 0.     2  999  -999;
   37 1.0375  1.28    0.     0.     0.     0.  0. 0.     3  0  0;
   38 1.0360  2.33    0.     0.     0.     0.  0. 0.     3  0  0;
   39 1.0365  0.76    0.     0.     0.     0.  0. 0.     3  0  0;
   40 1.0029 -3.14    0.     0.     0.     0.  0. 0.     3  0  0;
   41 1.0353 -7.00    0.     0.   700.0  150.0 0. 0.2500 3  0  0;
   42 1.0400 -6.11  370.0   30.8  177.0   17.0 0. 0.     2  999  -999;
   43 1.0454  4.32    0.     0.     0.     0.  0. 0.     3  0  0;
   44 1.0418  2.55    0.     0.     0.     0.  0. 0.     3  0  0;
   45 1.0409 -0.28    0.     0.   256.0   42.0 0. 0.2500 3  0  0;
   46 1.0500  2.49  154.0   67.5  177.0   25.0 0. 0.     2  999  -999;
   47 1.0300  8.20  400.0   54.2  528.0  160.0 0. 0.6000 2  999  -999;
   48 1.0500 11.57  400.0   85.3    0.     0.  0. 0.     2  999  -999;
   49 0.9889 -4.54    0.     0.   208.0   47.0 0. 0.3000 3  0  0;
   50 1.0500  8.65  600.0   75.6    0.     0.  0. 0.     2  999  -999;
   51 1.0400  2.71  141.0   89.8  731.0  100.0 0. 0.2500 2  999  -999;
   52 1.0448 15.28    0.     0.     0.     0.  0. 0.     3  0  0;
   53 1.0300 13.57  833.0  164.6  923.0  250.0 0. 0.     2  999  -999;
   54 1.0408 23.53 1115.0 -150.0   20.0    0.  0. 0.     2  999  -999;
   55 1.0400 22.75 1095.0  197.1  939.0  134.0 0. 0.0200 2  999  -999;
   56 1.0300 23.41  410.0  171.0  172.0   50.0 0. 0.0600 2  999  -999;
   57 1.0300 22.35  298.0  -54.4  240.0   -6.0 0. 0.     2  999  -999;
   58 1.0024 21.06    0.     0.    84.0   40.0 0. 0.0200 3  0  0;
   59 1.0252 18.79    0.     0.   705.0  248.0 0. 0.5000 3  0  0;
   60 1.0400 27.21  410.0   34.5    0.     0.  0. 0.     2  999  -999;
   61 1.0400 23.57  194.0   72.8  237.0   12.0 0. 0.0400 2  999  -999;
   62 1.0085 20.07    0.     0.     0.     0.  0. 0.     3  0  0;
   63 0.9926 11.42    0.     0.     0.     0.  0. 0.     3  0  0;
   64 0.9990  8.35    0.     0.   143.0   25.0 0. 0.     3  0  0;
   65 1.0400 10.34   91.0   63.8   91.0    0.  0. 0.     2  999  -999;
   66 0.9888 10.08    0.     0.     0.     0.  0. 0.     3  0  0;
   67 0.9837  7.72    0.     0.     0.     0.  0. 0.     3  0  0;
   68 0.9900  4.10   66.0   47.8  211.0   41.0 0. 0.     2  999  -999;
   69 1.0073  5.70    0.     0.     0.     0.  0. 0.     3  0  0;
   70 0.9909  4.73    0.     0.     0.     0.  0. 0.     3  0  0;
   71 1.0000  2.48  134.0   13.5  371.0   53.0 0. 0.     2  999 -999;
   72 1.0500  1.85  150.0   40.3    0.0    0.  0. 0.     2  999 -999;
   73 1.0305  0.15    0.     0.     0.     0.  0. 0.     3  0  0;
   74 1.0269  0.07    0.     0.   102.0    0.  0. 0.     3  0  0;
   75 1.0414  1.55    0.     0.     0.     0.  0. 0.     3  0  0;
   76 1.0484  0.88    0.     0.     0.     0.  0. 0.     3  0  0;
   77 1.0355  0.44    0.     0.     0.     0.  0. 0.     3  0  0;
   78 1.0200  0.    632.1   71.9 2000.0  600.0 0. 0.     1  0  0;
   79 1.0500  8.17 1000.0  257.3    0.     0.  0. 0.     2  999  -999;
   80 1.0232  0.63  720.0   -0.0  700.0   25.0 0. 0.     2  999  -999;
   81 1.0192 -3.02    0.     0.     0.     0.  0. 0.     3  0  0;
   82 1.0500  7.57  460.0  125.1    0.     0.  0. 0.     2  999  -999;
   83 1.0213 22.86    0.     0.    80.0   16.0 0. 0.     3  0  0;
   84 1.0248 23.43    0.     0.     0.     0.  0. 0.     3  0  0;
   85 1.0455 34.34    0.     0.    18.0    0.  0. 0.     3  0  0;
   86 1.0000 39.69 1650.0  487.0   50.0   25.0 0. 0.     2  999  -999;
   87 1.0200 32.97    0.     0.     0.     0.  0. 0.     3  0  0;
   88 1.0619 31.21    0.     0.   110.0   55.0 0. 0.     3  0  0;
   89 1.0331 29.02    0.     0.   100.0   70.0 0. 0.     3  0  0;
   90 1.0284 28.94    0.     0.   115.0   45.0 0. 0.     3  0  0;
   91 1.0400 10.61  930.0  947.6 1650.0  500.0 0. 0.     2  999  -999;
   92 1.0400 17.61  450.0  -75.2   10.0  320.0 0. 0.     2  999  -999;
   93 1.0709  7.63    0.     0.   125.0    0.  0. 0.     3  0  0;
   94 1.0554  7.94    0.     0.    95.0    0.  0. 0.     3  0  0;
   95 1.1597 12.58  125.0   13.0   25.0  100.0 0. 0.     3  0  0;
   96 1.1604 13.53   60.0   25.0   20.0    0.  0. 0.     3  0  0;
   97 1.0400 13.16  600.0  319.1  910.0   50.0 0. 0.     2  999  -999;
   98 1.0400 28.67  585.0   48.8    0.0    0.0 0. 0.     2  999  -999;
   99 1.0973 28.03    0.     0.     0.     0.  0. 0.     3  0  0;
   100 1.0830 23.07    0.     0.     0.     0.  0. 0.     3  0  0;
   101 1.050  21.91 1200.0  399.2  350.0  130.0 0. 0.     2  999  -999;
   102 1.0472 22.64    0.     0.     0.     0.  0. 0.     3  0  0;
   103 1.0413 22.52    0.     0.     0.     0.  0. 0.     3  0  0;
   104 1.0567 12.38    0.     0.   200.0   90.0 0. 0.     3  0  0;
   105 1.0559 23.12    0.     0.   325.0    0.  0. 0.     3  0  0;
   106 1.0553 13.80    0.     0.     0.   -12.0 0. 0.     3  0  0;
   107 1.0666 14.87    0.     0.     0.   -19.0 0. 0.     3  0  0;
   108 1.0630 13.01    0.     0.     0.   -13.0 0. 0.     3  0  0;
   109 1.0630 12.99    0.     0.     0.   -13.0 0. 0.     3  0  0;
   110 1.0617 11.71    0.     0.   718.0  125.0 0. 0.     3  0  0;
   111 1.0420  9.97    0.     0.   399.0   45.0 0. 0.     3  0  0;
