% data16m.m (16 Machine System Data)
% This is a 16-machine system with 86 transmission lines and
% 68 buses. Data are extracted from the GE final report
% entitled "Singular Perturbations, Coherency and
% Aggregation of Dynamic Systems," pp.6-42, July 1981.

% Bus data format
% bus: 
% col1 number
% col2 voltage magnitude(pu)
% col3 voltage angle(degree)
% col4 p_gen(pu)
% col5 q_gen(pu),
% col6 p_load(pu)
% col7 q_load(pu)
% col8 G shunt(pu)
% col9 B shunt(pu)
% col10 bus_type
%       bus_type - 1, swing bus
%                - 2, generator bus (PV bus)
%                - 3, load bus (PQ bus)
% col11 q_gen_max(pu)
% col12 q_gen_min(pu)


bus = [ 1 1.00    0.00   0.00   0.00   2.527  1.1856  0.00 0.00  3  0  0;
	2 1.00    0.00   0.00   0.00   0.00   0.00    0.00 0.00  3  0  0;
	3 1.00    0.00   0.00   0.00   3.22   0.02    0.00 0.00  3  0  0;
	4 1.00    0.00   0.00   0.00   5.00   1.840   0.00 0.00  3  0  0;
	5 1.00    0.00   0.00   0.00   0.00   0.00    0.00 0.00  3  0  0;
	6 1.00    0.00   0.00   0.00   0.00   0.00    0.00 0.00  3  0  0;
	7 1.00    0.00   0.00   0.00   2.34   0.84    0.00 0.00  3  0  0;
	8 1.00    0.00   0.00   0.00   5.22   1.77    0.00 0.00  3  0  0;
	9 1.00    0.00   0.00   0.00   1.04   1.25    0.00 0.00  3  0  0;
       10 1.00    0.00   0.00   0.00   0.00   0.00    0.00 0.00  3  0  0;
       11 1.00    0.00   0.00   0.00   0.00   0.00    0.00 0.00  3  0  0;
       12 1.00    0.00   0.00   0.00   0.09   0.88    0.00 0.00  3  0  0;
       13 1.00    0.00   0.00   0.00   0.00   0.00    0.00 0.00  3  0  0;
       14 1.00    0.00   0.00   0.00   0.00   0.00    0.00 0.00  3  0  0;
       15 1.00    0.00   0.00   0.00   3.200  1.5300  0.00 0.00  3  0  0;
       16 1.00    0.00   0.00   0.00   3.290  0.32    0.00 0.00  3  0  0;
       17 1.00    0.00   0.00   0.00   0.00   0.00    0.00 0.00  3  0  0;
       18 1.00    0.00   0.00   0.00   1.58   0.30    0.00 0.00  3  0  0;
       19 1.00    0.00   0.00   0.00   0.00   0.00    0.00 0.00  3  0  0;
       20 1.00    0.00   0.00   0.00   6.800  1.03    0.00 0.00  3  0  0;
       21 1.00    0.00   0.00   0.00   2.740  1.15    0.00 0.00  3  0  0;
       22 1.00    0.00   0.00   0.00   0.00   0.00    0.00 0.00  3  0  0;
       23 1.00    0.00   0.00   0.00   2.480  0.85    0.00 0.00  3  0  0;
       24 1.00    0.00   0.00   0.00   3.09  -0.92    0.00 0.00  3  0  0;
       25 1.00    0.00   0.00   0.00   2.24   0.47    0.00 0.00  3  0  0;
       26 1.00    0.00   0.00   0.00   1.39   0.17    0.00 0.00  3  0  0;
       27 1.00    0.00   0.00   0.00   2.810  0.76    0.00 0.00  3  0  0;
       28 1.00    0.00   0.00   0.00   2.060  0.28    0.00 0.00  3  0  0;
       29 1.00    0.00   0.00   0.00   2.840  0.27    0.00 0.00  3  0  0;
       30 1.00    0.00   0.00   0.00   0.00   0.00    0.00 0.00  3  0  0;
       31 1.00    0.00   0.00   0.00   0.00   0.00    0.00 0.00  3  0  0;
       32 1.00    0.00   0.00   0.00   0.00   0.00    0.00 0.00  3  0  0;
       33 1.00    0.00   0.00   0.00   1.12   0.00    0.00 0.00  3  0  0;
       34 1.00    0.00   0.00   0.00   0.00   0.00    0.00 0.00  3  0  0;
       35 1.00    0.00   0.00   0.00   0.00   0.00    0.00 0.00  3  0  0;
       36 1.00    0.00   0.00   0.00   1.02  -0.1946  0.00 0.00  3  0  0;
       37 1.00    0.00   0.00   0.00  60.00   3.00    0.00 0.00  3  0  0;
       38 1.00    0.00   0.00   0.00   0.00   0.00    0.00 0.00  3  0  0;
       39 1.00    0.00   0.00   0.00   2.67   0.126   0.00 0.00  3  0  0;
       40 1.00    0.00   0.00   0.00   0.6563 0.2353  0.00 0.00  3  0  0;
       41 1.00    0.00   0.00   0.00  10.00   2.50    0.00 0.00  3  0  0;
       42 1.00    0.00   0.00   0.00  11.50   2.50    0.00 0.00  3  0  0;
       43 1.00    0.00   0.00   0.00   0.00   0.00    0.00 0.00  3  0  0;
       44 1.00    0.00   0.00   0.00   2.6755 0.0484  0.00 0.00  3  0  0;
       45 1.00    0.00   0.00   0.00   2.08   0.21    0.00 0.00  3  0  0;
       46 1.00    0.00   0.00   0.00   1.507  0.285   0.00 0.00  3  0  0;
       47 1.00    0.00   0.00   0.00   2.0312 0.3259  0.00 0.00  3  0  0;
       48 1.00    0.00   0.00   0.00   2.4120 0.022   0.00 0.00  3  0  0;
       49 1.00    0.00   0.00   0.00   1.6400 0.29    0.00 0.00  3  0  0;
       50 1.00    0.00   0.00   0.00   1.00  -1.47    0.00 0.00  3  0  0;
       51 1.00    0.00   0.00   0.00   3.37  -1.22    0.00 0.00  3  0  0;
       52 1.00    0.00   0.00   0.00  24.70   1.23    0.00 0.00  3  0  0;
       53 1.045   0.00   2.50   0.00   0.00   0.00    0.00 0.00  2  999  -999;
       54 0.98    0.00   5.45   0.00   0.00   0.00    0.00 0.00  2  999  -999;
       55 0.983   0.00   6.50   0.00   0.00   0.00    0.00 0.00  2  999  -999;
       56 0.997   0.00   6.32   0.00   0.00   0.00    0.00 0.00  2  999  -999;
       57 1.011   0.00   5.052  0.00   0.00   0.00    0.00 0.00  2  999  -999;
       58 1.050   0.00   7.00   0.00   0.00   0.00    0.00 0.00  2  999  -999;
       59 1.063   0.00   5.60   0.00   0.00   0.00    0.00 0.00  2  999  -999;
       60 1.03    0.00   5.40   0.00   0.00   0.00    0.00 0.00  2  999  -999;
       61 1.025   0.00   8.00   0.00   0.00   0.00    0.00 0.00  2  999  -999;
       62 1.010   0.00   5.00   0.00   0.00   0.00    0.00 0.00  2  999  -999;
       63 1.000   0.00  10.000  0.00   0.00   0.00    0.00 0.00  2  999  -999;
       64 1.0156  0.00  13.50   0.00   0.00   0.00    0.00 0.00  2  999  -999;
       65 1.011   0.00  35.91   0.00   0.00   0.00    0.00 0.00  1  0  0;
       66 1.00    0.00  17.85   0.00   0.00   0.00    0.00 0.00  2  999  -999;
       67 1.000   0.00  10.00   0.00   0.00   0.00    0.00 0.00  2  999  -999;
       68 1.000   0.00  40.00   0.00   0.00   0.00    0.00 0.00  2  999  -999];


% Line data format
% line: from bus, to bus, resistance(pu), reactance(pu),
%       line charging(pu), tap ratio, phase shift(deg)

